00 00 00 00 00 00 00 00 00 00 00 00 01 dc 0c 12 
00 00 00 00 00 00 00 00 00 00 00 00 01 dc dc 09
00 00 00 00 00 00 00 00 00 00 00 00 01 dc dc 19
00 00 00 00 00 00 00 00 00 00 00 00 01 dc 62 07
00 00 00 00 00 00 00 00 00 00 00 00 01 dc 62 17 
00 00 00 00 00 00 00 00 00 00 00 00 01 dc 62 0f 
00 00 00 00 00 00 00 00 00 00 00 00 01 dc 4a 1c
00 00 00 00 00 00 00 00 00 00 00 00 01 dc 4a 02
00 00 00 00 00 00 00 00 00 00 00 00 01 dc ba 11
00 00 00 00 00 00 00 00 00 00 00 00 01 dc ba 09
00 00 00 00 00 00 00 00 00 00 00 00 01 dc ba 19 
00 00 00 00 00 00 00 00 00 00 00 00 01 dc 16 07
00 00 00 00 00 00 00 00 00 00 00 00 01 dc 16 17
00 00 00 00 00 00 00 00 00 00 00 00 01 dc 16 0f 
00 00 00 00 00 00 00 00 00 00 00 00 01 dc 2e 1c
00 00 00 00 00 00 00 00 00 00 00 00 01 dc 2e 02 
00 00 00 00 00 00 00 00 00 00 00 00 01 dc fe 11
00 00 00 00 00 00 00 00 00 00 00 00 01 dc fe 09 
00 00 00 00 00 00 00 00 00 00 00 00 01 dc fe 19
00 00 00 00 00 00 00 00 00 00 00 00 01 dc 51 07
00 00 00 80 00 00 00 00 00 00 00 00 01 dc 51 17
00 00 00 00 00 00 00 00 00 00 00 00 01 de 79 0c 
00 00 00 00 00 00 00 00 00 00 00 00 01 dc 69 1c
00 00 00 00 00 00 00 00 00 00 00 00 01 dc 69 02
00 00 00 00 00 00 00 00 00 00 00 00 01 de 85 11
00 00 00 80 00 00 00 00 00 00 00 00 01 dc 85 09 
00 00 00 00 00 00 00 00 00 00 00 00 01 dc 85 19
00 00 00 00 00 00 00 00 00 00 00 00 01 de 35 07
00 00 00 80 00 00 00 00 00 00 00 00 01 dc 35 17
00 00 00 00 00 00 00 00 00 00 00 00 01 dc 1d 04 
00 00 00 00 00 00 00 00 00 00 00 00 01 dc 1d 1c
00 00 00 00 00 00 00 00 00 00 00 00 01 dc 1d 02 
00 00 00 00 00 00 00 00 00 00 00 00 01 de c3 11
00 00 00 80 00 00 00 00 00 00 00 00 01 dc c3 09
00 00 00 00 00 00 00 00 00 00 00 00 01 dc 73 1b 
00 00 00 00 00 00 00 00 00 00 00 00 01 dc 73 07
00 00 00 00 00 00 00 00 00 00 00 00 01 dc 73 17
00 00 00 00 00 00 00 00 00 00 00 00 01 dc 5b 0c 
00 00 00 00 00 00 00 00 00 00 00 00 01 dc 5b 1c
00 00 00 00 00 00 00 00 00 00 00 00 01 dc 5b 02 
00 00 00 00 00 00 00 00 00 00 00 00 01 dc a7 18
00 00 00 00 00 00 00 00 00 00 00 00 01 dc a7 09
00 00 00 00 00 00 00 00 00 00 00 00 01 dc 0f 1b
00 00 00 00 00 00 00 00 00 00 00 00 01 dc 0f 07 
00 00 00 00 00 00 00 00 00 00 00 00 01 dc 0f 17
00 00 00 00 00 00 00 00 00 00 00 00 01 dc 3f 0c
00 00 00 00 00 00 00 00 00 00 00 00 01 dc 3f 1c
00 00 00 00 00 00 00 00 00 00 00 00 01 dc 3f 02 
00 00 00 00 00 00 00 00 00 00 00 00 01 3c e0 11
00 00 00 00 00 00 00 00 00 00 00 00 01 3c e0 09
00 00 00 00 00 00 00 00 00 00 00 00 01 3c 48 1b
00 00 00 00 00 00 00 00 00 00 00 00 01 3c c8 07 
00 00 00 00 00 00 00 00 00 00 00 00 01 3c 48 17
00 00 00 00 00 00 00 00 00 00 00 00 01 3c 78 0c
00 00 00 00 00 00 00 00 00 00 00 00 01 3c 78 1c 
00 00 00 00 00 00 00 00 00 00 00 00 01 3c 94 01
00 00 00 00 00 00 00 00 00 00 00 00 01 3c 94 11
00 00 00 00 00 00 00 00 00 00 00 00 01 3c 94 09
00 00 00 00 00 00 00 00 00 00 00 00 01 3c 2c 1b 
00 00 00 00 00 00 00 00 00 00 00 00 01 3c 2c 07
00 00 00 00 00 00 00 00 00 00 00 00 01 3c 2c 17
00 00 00 00 00 00 00 00 00 00 00 00 01 3c 02 0c 
00 00 00 00 00 00 00 00 00 00 00 00 01 3e 02 1c
00 00 00 00 00 00 00 00 00 00 00 00 01 3c d2 01 
00 00 00 00 00 00 00 00 00 00 00 00 01 3c d2 11
00 00 00 00 00 00 00 00 00 00 00 00 01 3e da 09 
00 00 00 00 00 00 00 00 00 00 00 00 01 3c 6a 1b
00 00 00 00 00 00 00 00 00 00 00 00 01 3c 6a 07
00 00 00 00 00 00 00 00 00 00 00 00 01 3c 46 14 
00 00 00 00 00 00 00 00 00 00 00 00 01 3c 46 0c
00 00 00 00 00 00 00 00 00 00 00 00 01 3c 46 1c
00 00 00 00 00 00 00 00 00 00 00 00 01 3c b6 01
00 00 00 00 00 00 00 00 00 00 00 00 01 3c b6 11
00 00 00 00 00 00 00 00 00 00 00 00 01 3c b7 0d
00 00 00 00 00 00 00 00 00 00 00 00 01 3c 1e 1b 
00 00 00 00 00 00 00 00 00 00 00 00 01 3c 1e 07
00 00 00 00 00 00 00 00 00 00 00 00 01 3c 21 14 
00 00 00 00 00 00 00 00 00 00 00 00 01 3c 21 0c
00 00 00 00 00 00 00 00 00 00 00 00 01 3c 21 1e 
00 00 00 80 00 00 00 00 00 00 00 00 01 3c f1 01
00 00 00 00 00 00 00 00 00 00 00 00 01 3c f1 11
00 00 00 00 00 00 00 00 00 00 00 00 01 3c f1 0d
00 00 00 00 00 00 00 00 00 00 00 00 01 3c 59 1b 
00 00 00 00 00 00 00 00 00 00 00 00 01 3c 59 07
00 00 00 80 00 00 00 00 00 00 00 00 01 3c 65 14
00 00 00 00 00 00 00 00 00 00 00 00 01 3c 65 0c
00 00 00 00 00 00 00 00 00 00 00 00 01 3c 65 1c 
00 00 00 80 00 00 00 00 00 00 00 00 01 3c 8d 01
00 00 00 00 00 00 00 00 00 00 00 00 01 3c 8d 11 
00 00 00 00 00 00 00 00 00 00 00 00 01 3c 3d 0b
00 00 00 00 00 00 00 00 00 00 00 00 01 3c 3d 1b
00 00 00 00 00 00 00 00 00 00 00 00 01 3c dd 00
00 00 00 00 00 00 00 00 00 00 00 00 01 3e 63 12 
00 00 00 80 00 00 00 00 00 00 00 00 01 3c 63 0a
00 00 00 00 00 00 00 00 00 00 00 00 01 3c 8b 19
00 00 00 00 00 00 00 00 00 00 00 00 01 3e 8b 05
00 00 00 80 00 00 00 00 00 00 00 00 01 3c 8b 15 
00 00 00 00 00 00 00 00 00 00 00 00 01 3c 3b 0f
00 00 00 00 00 00 00 00 00 00 00 00 01 3c 3b 1f
00 00 00 00 00 00 00 00 00 00 00 00 01 3c 17 02
00 00 00 00 00 00 00 00 00 00 00 00 01 3e 1f 12 
00 00 00 00 00 00 00 00 00 00 00 00 01 3c 17 0a
00 00 00 00 00 00 00 00 00 00 00 00 01 3c cf 19
00 00 00 00 00 00 00 00 00 00 00 00 01 3e cf 05 
00 00 00 00 00 00 00 00 00 00 00 00 01 3c cf 15
00 00 00 00 00 00 00 00 00 00 00 00 01 3c 7f 0f 
00 00 00 00 00 00 00 00 00 00 00 00 01 3c 7f 1f
00 00 00 00 00 00 00 00 00 00 00 00 01 bc 50 02
00 00 00 00 00 00 00 00 00 00 00 00 01 3c 50 1a
00 00 00 00 00 00 00 00 00 00 00 00 01 bc 50 0a 
00 00 00 00 00 00 00 00 00 00 00 00 01 bc a8 19
00 00 00 00 00 00 00 00 00 00 00 00 01 bc a8 07
00 00 00 00 00 00 00 00 00 00 00 00 01 bc 04 17
00 00 00 00 00 00 00 00 00 00 00 00 01 bc 04 0f 
00 00 00 00 00 00 00 00 00 00 00 00 01 bc 04 1f
00 00 00 00 00 00 00 00 00 00 00 00 01 bc 34 02
00 00 00 00 00 00 00 00 00 00 00 00 01 bc 34 13 
00 00 00 00 00 00 00 00 00 00 00 00 01 fc 34 0a
00 00 00 00 00 00 00 00 00 00 00 00 01 bc ec 19
00 00 00 00 00 00 00 00 00 00 00 00 01 bc ec 07 
00 00 00 00 00 00 00 00 00 00 00 00 01 bc 42 17
00 00 00 00 00 00 00 00 00 00 00 00 01 bc 42 0f
00 00 00 00 00 00 00 00 00 00 00 00 01 fc c2 1f
00 00 00 00 00 00 00 00 00 00 00 00 01 bc 72 02 
00 00 00 00 00 00 00 00 00 00 00 00 01 bc 72 12
00 00 00 00 00 00 00 00 00 00 00 00 00 bc 72 0a 
00 00 00 00 00 00 00 00 00 00 00 00 01 bc 9a 19
00 00 00 00 00 00 00 00 00 00 00 00 01 bc 9a 05
00 00 00 00 00 00 00 00 00 00 00 00 01 bc 26 17 
00 00 00 00 00 00 00 00 00 00 00 00 01 bc 26 0f
00 00 00 00 00 00 00 00 00 00 00 00 01 bc 36 1f
00 00 00 00 00 00 00 00 00 00 00 00 01 bc 0e 02 
00 00 00 00 00 00 00 00 00 00 00 00 01 bc 0e 12
00 00 00 00 00 00 00 00 00 00 00 00 01 bc de 09 
00 00 00 00 00 00 00 00 00 00 00 00 01 bc de 19
00 00 00 00 00 00 00 00 00 00 00 00 01 bc de 05
00 00 00 00 00 00 00 00 00 00 00 00 01 bc 61 17
00 00 00 00 00 00 00 00 00 00 00 00 01 bc 61 0f
00 00 00 00 00 00 00 00 00 00 00 00 01 bc 71 1f
00 00 00 00 00 00 00 00 00 00 00 00 01 bc 49 02 
00 00 00 00 00 00 00 00 00 00 00 00 01 bc 49 12
00 00 00 00 00 00 00 00 00 00 00 00 01 bc b9 09 
00 00 00 00 00 00 00 00 00 00 00 00 01 bc b9 19
00 00 00 00 00 00 00 00 00 00 00 00 01 bc b9 05
00 00 00 00 00 00 00 00 00 00 00 00 01 bc 15 17 
00 00 00 00 00 00 00 00 00 00 00 00 01 bc 15 0f
00 00 00 00 00 00 00 00 00 00 00 00 01 bc 2d 1c 
00 00 00 80 00 00 00 00 00 00 00 00 01 bc 2d 02
00 00 00 00 00 00 00 00 00 00 00 00 01 bc 2d 12
00 00 00 00 00 00 00 00 00 00 00 00 01 bc fd 09 
00 00 00 00 00 00 00 00 00 00 00 00 01 bc fd 19
00 00 00 00 00 00 00 00 00 00 00 00 01 bc fd 05 
00 00 00 80 00 00 00 00 00 00 00 00 01 bc 53 17
00 00 00 00 00 00 00 00 00 00 00 00 01 bc 53 0f
00 00 00 00 00 00 00 00 00 00 00 00 01 be 7d 1c 
00 00 00 80 00 00 00 00 00 00 00 00 01 bc 6b 02
00 00 00 00 00 00 00 00 00 00 00 00 01 bc 6b 12
00 00 00 00 00 00 00 00 00 00 00 00 01 bc 87 09 
00 00 00 80 00 00 00 00 00 00 00 00 01 bc 87 19
00 00 00 00 00 00 00 00 00 00 00 00 01 be 3f 07
00 00 00 00 00 00 00 00 00 00 00 00 01 bc 37 17 
00 00 00 00 00 00 00 00 00 00 00 00 01 bc 37 0f
00 00 00 00 00 00 00 00 00 00 00 00 01 bc 1f 1c
00 00 00 00 00 00 00 00 00 00 00 00 01 bc 1f 02 
00 00 00 00 00 00 00 00 00 00 00 00 01 bc 1f 12
00 00 00 00 00 00 00 00 00 00 00 00 01 7c c0 09
00 00 00 00 00 00 00 00 00 00 00 00 01 7c c0 19
00 00 00 00 00 00 00 00 00 00 00 00 01 7c 70 07 
00 00 00 00 00 00 00 00 00 00 00 00 01 7c 70 17
00 00 00 00 00 00 00 00 00 00 00 00 01 7c 70 0f
00 00 00 00 00 00 00 00 00 00 00 00 01 7c 58 1e
00 00 00 00 00 00 00 00 00 00 00 00 01 7c 58 02 
00 00 00 00 00 00 00 00 00 00 00 00 01 7c 58 12
00 00 00 00 00 00 00 00 00 00 00 00 01 7c a4 09 
00 00 00 00 00 00 00 00 00 00 00 00 01 7c a4 19
00 00 00 00 00 00 00 00 00 00 00 00 01 7c 8c 07 
00 00 00 00 00 00 00 00 00 00 00 00 01 7c 0c 17
00 00 00 00 00 00 00 00 00 00 00 00 01 7c 0c 0f
00 00 00 00 00 00 00 00 00 00 00 00 01 7c 3c 1c
00 00 00 00 00 00 00 00 00 00 00 00 01 7c 3c 02 
00 00 00 00 00 00 00 00 00 00 00 00 01 7c e2 11
00 00 00 00 00 00 00 00 00 00 00 00 01 7c e2 09
00 00 00 00 00 00 00 00 00 00 00 00 01 7c e2 19
00 00 00 00 00 00 00 00 00 00 00 00 01 7c 4a 07 
00 00 00 00 00 00 00 00 00 00 00 00 01 7c 6a 17
00 00 00 00 00 00 00 00 00 00 00 00 01 7c 4a 0f 
00 00 00 00 00 00 00 00 00 00 00 00 01 7c 7a 1c
00 00 00 00 00 00 00 00 00 00 00 00 01 7c 7a 02
00 00 00 00 00 00 00 00 00 00 00 00 01 7c 96 11
00 00 00 00 00 00 00 00 00 00 00 00 01 7e 9e 09
00 00 00 00 00 00 00 00 00 00 00 00 01 7c 96 19
00 00 00 00 00 00 00 00 00 00 00 00 01 7c 2e 07 
00 00 00 00 00 00 00 00 00 00 00 00 01 7c 3e 17
00 00 00 00 00 00 00 00 00 00 00 00 01 7c 01 0c 
00 00 00 00 00 00 00 00 00 00 00 00 01 7c 01 1c
00 00 00 00 00 00 00 00 00 00 00 00 01 7e 01 02
00 00 00 00 00 00 00 00 00 00 00 00 01 7c d1 11
00 00 00 00 00 00 00 00 00 00 00 00 01 7c d1 09 
00 00 00 00 00 00 00 00 00 00 00 00 01 7c d1 19
00 00 00 00 00 00 00 00 00 00 00 00 01 7c 69 07
00 00 00 00 00 00 00 00 00 00 00 00 01 7c 69 1f 
00 00 00 00 00 00 00 00 00 00 00 00 01 7c 45 0c
00 00 00 00 00 00 00 00 00 00 00 00 01 7c 45 1c 
00 00 00 00 00 00 00 00 00 00 00 00 01 fc 47 02
00 00 00 00 00 00 00 00 00 00 00 00 01 7c b5 11
00 00 00 00 00 00 00 00 00 00 00 00 01 7c b5 09
00 00 00 00 00 00 00 00 00 00 00 00 01 fc b5 1d 
00 00 00 00 00 00 00 00 00 00 00 00 01 7c 1d 07
00 00 00 00 00 00 00 00 00 00 00 00 01 7c 1d 17
00 00 00 00 00 00 00 00 00 00 00 00 01 7c 23 0c
00 00 00 00 00 00 00 00 00 00 00 00 01 7c 23 1c 
00 00 00 00 00 00 00 00 00 00 00 00 01 fc 23 03
00 00 00 00 00 00 00 00 00 00 00 00 01 7c f3 11
00 00 00 00 00 00 00 00 00 00 00 00 01 7c f3 09
00 00 00 00 00 00 00 00 00 00 00 00 01 7c 5b 1b 
00 00 00 00 00 00 00 00 00 00 00 00 01 7c 5b 07
00 00 00 00 00 00 00 00 00 00 00 00 01 7c 5b 17
00 00 00 00 00 00 00 00 00 00 00 00 01 7c 67 0c
00 00 00 00 00 00 00 00 00 00 00 00 01 7c 67 1c 
00 00 00 00 00 00 00 00 00 00 00 00 01 7c 67 03
00 00 00 00 00 00 00 00 00 00 00 00 01 7c 8f 11 
00 00 00 00 00 00 00 00 00 00 00 00 01 7c 8f 09
00 00 00 00 00 00 00 00 00 00 00 00 01 7c 3f 1b 
00 00 00 00 00 00 00 00 00 00 00 00 01 7c 3f 07
00 00 00 00 00 00 00 00 00 00 00 00 01 7c 3f 17
00 00 00 00 00 00 00 00 00 00 00 00 01 fc 10 0c
00 00 00 00 00 00 00 00 00 00 00 00 01 fc 10 1c 
00 00 00 00 00 00 00 00 00 00 00 00 01 fc c8 01
00 00 00 00 00 00 00 00 00 00 00 00 01 fc c8 11 
00 00 00 00 00 00 00 00 00 00 00 00 01 fc c8 09
00 00 00 00 00 00 00 00 00 00 00 00 01 fc 78 1b
00 00 00 00 00 00 00 00 00 00 00 00 01 fc 78 07
00 00 00 00 00 00 00 00 00 00 00 00 01 fc 78 17 
00 00 00 00 00 00 00 00 00 00 00 00 01 fc 54 0c
00 00 00 00 00 00 00 00 00 00 00 00 01 fc 54 1c
00 00 00 00 00 00 00 00 00 00 00 00 01 fc ac 01 
00 00 00 00 00 00 00 00 00 00 00 00 01 fc ac 11
00 00 00 00 00 00 00 00 00 00 00 00 01 fc ac 09
00 00 00 00 00 00 00 00 00 00 00 00 01 fc 02 1b
00 00 00 00 00 00 00 00 00 00 00 00 01 fc 02 07
00 00 00 00 00 00 00 00 00 00 00 00 01 fc 02 17 
00 00 00 00 00 00 00 00 00 00 00 00 01 fc 32 0c
00 00 00 00 00 00 00 00 00 00 00 00 01 fc 32 1c
00 00 00 00 00 00 00 00 00 00 00 00 01 fe fa 01
00 00 00 00 00 00 00 00 00 00 00 00 01 fc ea 11 
00 00 00 00 00 00 00 00 00 00 00 00 01 fc ea 09
00 00 00 00 00 00 00 00 00 00 00 00 01 fc 46 1b 
00 00 00 80 00 00 00 00 00 00 00 00 01 fc 46 07
00 00 00 00 00 00 00 00 00 00 00 00 01 fc 7a 14 
00 00 00 00 00 00 00 00 00 00 00 00 01 fe 76 0c
00 00 00 80 00 00 00 00 00 00 00 00 01 fc 76 1c
00 00 00 00 00 00 00 00 00 00 00 00 01 fc 9e 01
00 00 00 00 00 00 00 00 00 00 00 00 01 fc 9e 11 
00 00 00 00 00 00 00 00 00 00 00 00 01 fc 9e 09
00 00 00 00 00 00 00 00 00 00 00 00 01 fe 21 1b 
00 00 00 80 00 00 00 00 00 00 00 00 01 fc 21 07
00 00 00 00 00 00 00 00 00 00 00 00 01 fc 09 18
00 00 00 00 00 00 00 00 00 00 00 00 01 fc 09 0c
00 00 00 00 00 00 00 00 00 00 00 00 01 fc 09 1c 
00 00 00 00 00 00 00 00 00 00 00 00 01 fc d9 01
00 00 00 00 00 00 00 00 00 00 00 00 01 fc d9 11 
00 00 00 00 00 00 00 00 00 00 00 00 01 fc 65 0b
00 00 00 00 00 00 00 00 00 00 00 00 01 fc 67 1f
00 00 00 00 00 00 00 00 00 00 00 00 01 fc 65 07
00 00 00 00 00 00 00 00 00 00 00 00 01 fc 4d 14 
00 00 00 00 00 00 00 00 00 00 00 00 01 fc 4d 0e
00 00 00 00 00 00 00 00 00 00 00 00 01 fc 4d 1c
00 00 00 00 00 00 00 00 00 00 00 00 01 fc bd 01 
00 00 00 00 00 00 00 00 00 00 00 00 01 fc bd 11
00 00 00 00 00 00 00 00 00 00 00 00 01 fc 13 0b
00 00 00 00 00 00 00 00 00 00 00 00 01 fc 93 1b
00 00 00 00 00 00 00 00 00 00 00 00 01 fc 13 07 
00 00 00 00 00 00 00 00 00 00 00 00 01 fc 2b 14
00 00 00 00 00 00 00 00 00 00 00 00 01 fc 0b 0c 
00 00 00 00 00 00 00 00 00 00 00 00 01 fc fb 1e
00 00 00 00 00 00 00 00 00 00 00 00 01 fc fb 01
00 00 00 00 00 00 00 00 00 00 00 00 00 fc fb 11
00 00 00 00 00 00 00 00 00 00 00 00 01 fc 57 0b 
00 00 00 00 00 00 00 00 00 00 00 00 01 fc f7 1b
00 00 00 00 00 00 00 00 00 00 00 00 01 fc 57 07
00 00 00 00 00 00 00 00 00 00 00 00 01 fc 6f 14
00 00 00 00 00 00 00 00 00 00 00 00 01 fc 7f 0c 
00 00 00 00 00 00 00 00 00 00 00 00 01 02 80 1e
00 00 00 00 00 00 00 00 00 00 00 00 01 02 80 01
00 00 00 00 00 00 00 00 00 00 00 00 01 02 80 11
00 00 00 00 00 00 00 00 00 00 00 00 01 02 30 0b 
00 00 00 00 00 00 00 00 00 00 00 00 01 02 30 1b
00 00 00 00 00 00 00 00 00 00 00 00 01 03 38 07
00 00 00 00 00 00 00 00 00 00 00 00 01 02 18 14 
00 00 00 00 00 00 00 00 00 00 00 00 01 02 18 0c
00 00 00 00 00 00 00 00 00 00 00 00 01 02 c4 1e 
00 00 00 00 00 00 00 00 00 00 00 00 01 02 c4 01
00 00 00 00 00 00 00 00 00 00 00 00 01 03 c6 11
00 00 00 00 00 00 00 00 00 00 00 00 01 02 74 0b
00 00 00 00 00 00 00 00 00 00 00 00 01 02 74 1b 
00 00 00 00 00 00 00 00 00 00 00 00 01 02 5c 04
00 00 00 00 00 00 00 00 00 00 00 00 01 02 5c 14
00 00 00 00 00 00 00 00 00 00 00 00 01 02 5c 0c
00 00 00 00 00 00 00 00 00 00 00 00 01 02 a2 1e 
00 00 00 00 00 00 00 00 00 00 00 00 01 02 a2 01
00 00 00 00 00 00 00 00 00 00 00 00 01 02 a3 19
00 00 00 80 00 00 00 00 00 00 00 00 01 02 0a 0b 
00 00 00 00 00 00 00 00 00 00 00 00 01 02 0a 1b
00 00 00 00 00 00 00 00 00 00 00 00 01 02 3a 04
00 00 00 00 00 00 00 00 00 00 00 00 01 02 3a 14 
00 00 00 00 00 00 00 00 00 00 00 00 01 02 3a 0c
00 00 00 80 00 00 00 00 00 00 00 00 01 02 e6 1e
00 00 00 00 00 00 00 00 00 00 00 00 01 02 e6 01 
00 00 00 00 00 00 00 00 00 00 00 00 01 03 4e 13
00 00 00 80 00 00 00 00 00 00 00 00 01 02 4e 0b
00 00 00 00 00 00 00 00 00 00 00 00 01 02 4e 1b
00 00 00 00 00 00 00 00 00 00 00 00 01 02 7e 04
00 00 00 00 00 00 00 00 00 00 00 00 01 02 7e 14 
00 00 00 00 00 00 00 00 00 00 00 00 01 02 7e 0c
00 00 00 00 00 00 00 00 00 00 00 00 01 02 91 1e
00 00 00 00 00 00 00 00 00 00 00 00 01 02 91 01
00 00 00 00 00 00 00 00 00 00 00 00 01 82 29 13 
00 00 00 00 00 00 00 00 00 00 00 00 01 02 29 0b
00 00 00 00 00 00 00 00 00 00 00 00 01 02 29 1b
00 00 00 00 00 00 00 00 00 00 00 00 01 02 05 04
00 00 00 00 00 00 00 00 00 00 00 00 01 02 05 14 
00 00 00 00 00 00 00 00 00 00 00 00 01 02 05 0c
00 00 00 00 00 00 00 00 00 00 00 00 01 02 d5 1e
00 00 00 00 00 00 00 00 00 00 00 00 01 02 d5 01
00 00 00 00 00 00 00 00 00 00 00 00 01 82 ed 13 
00 00 00 00 00 00 00 00 00 00 00 00 01 02 6d 0b
00 00 00 00 00 00 00 00 00 00 00 00 01 02 6d 1b
00 00 00 00 00 00 00 00 00 00 00 00 01 02 43 04
00 00 00 00 00 00 00 00 00 00 00 00 01 02 43 14 
00 00 00 00 00 00 00 00 00 00 00 00 01 02 f3 0f
00 00 00 00 00 00 00 00 00 00 00 00 00 02 b3 1e
00 00 00 00 00 00 00 00 00 00 00 00 01 02 d3 05
00 00 00 00 00 00 00 00 00 00 00 00 01 02 6b 17 
00 00 00 00 00 00 00 00 00 00 00 00 01 82 6b 0f
00 00 00 00 00 00 00 00 00 00 00 00 01 02 47 1c 
00 00 00 00 00 00 00 00 00 00 00 00 01 02 47 02
00 00 00 00 00 00 00 00 00 00 00 00 01 02 47 12
00 00 00 00 00 00 00 00 00 00 00 00 01 02 b7 09
00 00 00 00 00 00 00 00 00 00 00 00 01 02 b7 1d 
00 00 00 80 00 00 00 00 00 00 00 00 01 02 1f 07
00 00 00 00 00 00 00 00 00 00 00 00 01 02 1f 17
00 00 00 00 00 00 00 00 00 00 00 00 01 02 9f 0f 
00 00 00 00 00 00 00 00 00 00 00 00 01 82 20 1c
00 00 00 00 00 00 00 00 00 00 00 00 01 82 20 02
00 00 00 00 00 00 00 00 00 00 00 00 01 c2 20 12 
00 00 00 00 00 00 00 00 00 00 00 00 01 82 f0 09
00 00 00 00 00 00 00 00 00 00 00 00 01 82 f0 19 
00 00 00 00 00 00 00 00 00 00 00 00 01 82 58 07
00 00 00 00 00 00 00 00 00 00 00 00 01 82 58 17
00 00 00 00 00 00 00 00 00 00 00 00 01 82 58 0f 
00 00 00 00 00 00 00 00 00 00 00 00 01 82 64 1c
00 00 00 00 00 00 00 00 00 00 00 00 01 82 64 02
00 00 00 00 00 00 00 00 00 00 00 00 01 82 8c 11
00 00 00 00 00 00 00 00 00 00 00 00 01 82 8c 09 
00 00 00 00 00 00 00 00 00 00 00 00 01 82 8c 19
00 00 00 00 00 00 00 00 00 00 00 00 01 82 3c 07
00 00 00 00 00 00 00 00 00 00 00 00 01 82 3c 17
00 00 00 00 00 00 00 00 00 00 00 00 01 82 3c 0f 
00 00 00 00 00 00 00 00 00 00 00 00 01 82 12 1c
00 00 00 00 00 00 00 00 00 00 00 00 01 82 12 02 
00 00 00 00 00 00 00 00 00 00 00 00 01 82 ca 11
00 00 00 00 00 00 00 00 00 00 00 00 01 82 ca 09
00 00 00 00 00 00 00 00 00 00 00 00 01 82 ca 19
00 00 00 00 00 00 00 00 00 00 00 00 01 82 7a 07 
00 00 00 00 00 00 00 00 00 00 00 00 01 82 7a 17
00 00 00 00 00 00 00 00 00 00 00 00 01 82 7a 0f
00 00 00 00 00 00 00 00 00 00 00 00 01 82 56 1c
00 00 00 00 00 00 00 00 00 00 00 00 01 82 56 02 
00 00 00 00 00 00 00 00 00 00 00 00 01 82 ae 11
00 00 00 80 00 00 00 00 00 00 00 00 01 82 ae 09 
00 00 00 00 00 00 00 00 00 00 00 00 01 82 ae 19
00 00 00 00 00 00 00 00 00 00 00 00 01 82 01 07 
00 00 00 00 00 00 00 00 00 00 00 00 01 82 01 17
00 00 00 00 00 00 00 00 00 00 00 00 01 83 31 0c 
00 00 00 80 00 00 00 00 00 00 00 00 01 82 31 1c 
00 00 00 00 00 00 00 00 00 00 00 00 01 82 31 02
00 00 00 00 00 00 00 00 00 00 00 00 01 83 e9 11 
00 00 00 80 00 00 00 00 00 00 00 00 01 82 e9 09
00 00 00 00 00 00 00 00 00 00 00 00 01 82 e9 19
00 00 00 00 00 00 00 00 00 00 00 00 01 82 45 07 
00 00 00 00 00 00 00 00 00 00 00 00 01 82 45 17
00 00 00 00 00 00 00 00 00 00 00 00 01 83 7f 0c
00 00 00 00 00 00 00 00 00 00 00 00 01 82 75 1c 
00 00 00 00 00 00 00 00 00 00 00 00 01 82 75 02
00 00 00 00 00 00 00 00 00 00 00 00 01 83 9f 19
00 00 00 00 00 00 00 00 00 00 00 00 01 82 9d 09
00 00 00 00 00 00 00 00 00 00 00 00 01 82 23 1b 
00 00 00 00 00 00 00 00 00 00 00 00 01 82 23 07
00 00 00 00 00 00 00 00 00 00 00 00 01 82 23 17
00 00 00 00 00 00 00 00 00 00 00 00 01 82 0b 0e
00 00 00 00 00 00 00 00 00 00 00 00 01 82 0b 1c 
00 00 00 00 00 00 00 00 00 00 00 00 01 82 0b 02
00 00 00 00 00 00 00 00 00 00 00 00 01 c2 db 11 
00 00 00 00 00 00 00 00 00 00 00 00 01 82 db 09
00 00 00 00 00 00 00 00 00 00 00 00 01 82 67 1b
00 00 00 00 00 00 00 00 00 00 00 00 01 82 67 07 
00 00 00 00 00 00 00 00 00 00 00 00 01 82 67 17
00 00 00 00 00 00 00 00 00 00 00 00 01 82 0f 0e
00 00 00 00 00 00 00 00 00 00 00 00 01 c2 4f 1c 
00 00 00 00 00 00 00 00 00 00 00 00 01 82 4f 02
00 00 00 00 00 00 00 00 00 00 00 00 01 82 df 11
00 00 00 00 00 00 00 00 00 00 00 00 01 82 bf 09
00 00 00 00 00 00 00 00 00 00 00 00 01 42 10 1b 
00 00 00 00 00 00 00 00 00 00 00 00 00 62 90 07
00 00 00 00 00 00 00 00 00 00 00 00 01 42 10 17
00 00 00 00 00 00 00 00 00 00 00 00 01 42 28 0c
00 00 00 00 00 00 00 00 00 00 00 00 01 40 38 1c 
00 00 00 00 00 00 00 00 00 00 00 00 01 42 f8 01
00 00 00 00 00 00 00 00 00 00 00 00 01 42 f8 11
00 00 00 00 00 00 00 00 00 00 00 00 01 42 f8 09
00 00 00 00 00 00 00 00 00 00 00 00 01 42 54 1b 
00 00 00 00 00 00 00 00 00 00 00 00 01 42 78 07
00 00 00 00 00 00 00 00 00 00 00 00 01 42 54 17 
00 00 00 00 00 00 00 00 00 00 00 00 01 42 6c 0c
00 00 00 00 00 00 00 00 00 00 00 00 01 43 7c 1c
00 00 00 00 00 00 00 00 00 00 00 00 01 42 82 01
00 00 00 00 00 00 00 00 00 00 00 00 01 42 82 11 
00 00 00 00 00 00 00 00 00 00 00 00 01 43 82 09
00 00 00 00 00 00 00 00 00 00 00 00 01 42 32 1b
00 00 00 00 00 00 00 00 00 00 00 00 01 42 3a 03 
00 00 00 00 00 00 00 00 00 00 00 00 01 42 1a 14
00 00 00 00 00 00 00 00 00 00 00 00 01 42 1a 0c